1111111111111111111111111111
1000000000000110000000000001
1011110111110110111110111101
1010010100010110100010100101
1011110111110110111110111101
1000000000000000000000000001
1011110110111111110110111101
1011110110111111110110111101
1000000110000110000110000001
1111110111110110111110111111
0000010111110110111110100000
0000010110000000000110100000
0000010110111111110110100000
0000010110100000010110100000
0000010000100000010000100000
0000010110100000010110100000
0000010110111111110110100000
0000010110000000000110100000
0000010110111111110110100000
1111110110111111110110111111
1000000000000011000000000001
1011110111110110111110111101
1011110111110110111110111101
1000110000000000000000110001
1110110110111111110110110111
1110110110111111110110110111
1000000110000110000110000001
1011111111110110111111111101
1011111111110110111111111101
1000000000000000000000000001
1111111111111111111111111111